object Form1: TForm1
  Left = 0
  Top = 0
  Caption = 'Form1'
  ClientHeight = 480
  ClientWidth = 640
  FormFactor.Width = 320
  FormFactor.Height = 480
  FormFactor.Devices = [Desktop]
  DesignerMasterStyle = 0
  object Button1: TButton
    Position.X = 288.000000000000000000
    Position.Y = 136.000000000000000000
    TabOrder = 1
    Text = 'Button1'
    OnClick = Button1Click
  end
  object Viewport3D1: TViewport3D
    Camera = Camera1
    Position.X = 104.000000000000000000
    Position.Y = 216.000000000000000000
    Size.Width = 473.000000000000000000
    Size.Height = 185.000000000000000000
    Size.PlatformDefault = False
    object Model3D1: TModel3D
      Width = 1.000000000000000000
      Height = 1.000000000000000000
      Depth = 1.000000000000000000
      Data = {0000}
    end
    object Camera1: TCamera
      AngleOfView = 45.000000000000000000
      Position.X = 2.388465166091919000
      Position.Y = -0.303550481796264600
      Position.Z = -5.000000000000000000
      Width = 1.000000000000000000
      Height = 1.000000000000000000
      Depth = 1.000000000000000000
    end
    object Light1: TLight
      Color = claWhite
      LightType = Directional
      SpotCutOff = 180.000000000000000000
      Position.X = 1.354661226272583000
      Position.Y = 0.385614871978759800
      Width = 1.000000000000000000
      Height = 1.000000000000000000
      Depth = 1.000000000000000000
    end
  end
end
